--- PRUEBA DE GENERACIÓN DE MUESTRAS ITERATIVAS ---
Población total: 20000000 valores
Tamaño de muestra por iteración: 385 valores

--- ITERACIÓN 1 (192 puntos) ---
X,Y
717248,206710
873953,501594
773479,343752
158387,571968
794291,956600
531920,739041
390833,929362
456127,960545
693919,513402
480436,126593
388690,496123
863947,580626
81702,329394
135539,420123
898016,875303
103645,710244
905307,446734
597279,456702
738181,381666
567559,576230
580430,986994
205787,744806
564021,655502
873086,50465
608081,540447
982187,667119
647548,350366
956829,167484
727338,439773
561338,977016
456383,120870
819856,97747
279922,579307
552416,417526
778659,656448
278005,366660
817051,331225
529901,720291
492853,176005
769193,551106
652405,960968
50917,435647
929221,179209
520489,20268
374342,905620
598737,865636
470699,386320
451955,674073
210140,197531
556734,424284
542649,765707
267166,996670
842879,364211
785043,923314
582305,174735
179444,207070
383998,598133
148054,916780
442120,856721
864498,256209
245367,651231
399416,742447
747723,882704
661021,487396
267630,624825
334860,443008
576285,411084
830843,638203
41754,676569
987110,483422
404039,468301
693363,838659
798719,71673
659045,952088
798401,374734
403216,482528
48770,280966
204805,293433
36163,425420
132313,577894
395414,53539
863255,986330
551011,307226
39204,905222
436519,635681
101516,504084
955469,529519
256847,133149
529814,729942
812391,593265
744528,576261
437871,874701
344788,286690
449363,436969
411523,40343
344690,279175
196396,121721
268936,896225
135569,807090
342648,185595
778897,136061
6442,312803
970488,704955
534964,413761
251284,879556
564861,619235
823277,345705
223985,653264
613786,925200
515710,549737
448725,329335
838081,490704
904528,40082
512204,968886
791628,939412
488205,400502
593747,868677
360903,662635
465888,448309
622712,751971
377346,540854
122387,598089
292944,730329
506257,871254
116805,403389
234403,589866
322227,883438
80898,609073
349379,851840
453712,838895
827206,900385
94455,343093
54333,712030
426854,418579
180725,519699
713831,868182
341583,131877
720349,816725
564526,413345
818405,847752
255269,782408
548253,846461
169782,329751
565232,806791
870816,981898
586311,343971
872475,66428
346742,334443
315947,245223
716647,890339
545917,568959
994536,168053
170111,595711
815931,750810
564942,193369
828098,960731
597328,64380
382768,571531
536603,43895
969004,947148
553797,364226
67816,811581
664711,186286
772962,284022
769144,788489
699561,885575
956685,966964
685837,317902
680762,533286
995702,410206
649677,641233
575938,942204
220809,670033
553303,198551
774721,578090
546244,186132
141874,16856
286410,304313
185332,330854
222114,828807
813710,462293
405655,556587
761974,495998
831659,760045
586264,466538
136032,698194
929409,31190
558760,707863
818601,200970
666330,724667
160734,697397
975024,276446

--- ITERACIÓN 2 (192 puntos) ---
X,Y
309766,237239
379969,985589
300443,185341
8089,810124
668693,786482
598178,856900
352022,152460
674039,771221
607308,341415
479917,189773
449102,706533
6362,538420
785815,192214
133703,636244
448388,585759
7965,67129
951257,186967
241518,611459
863193,260597
728044,362678
837066,406188
950923,869271
195228,405621
905980,334942
782006,950431
555546,277784
7914,457247
475595,40071
258615,791102
783790,175354
762905,458318
359967,873998
36470,113621
679158,849034
435555,913345
582182,889023
323555,990226
117842,503168
546874,255281
107298,215933
323312,532180
955269,329057
284546,971514
825931,296246
853132,161474
891346,769215
920792,292370
574134,491799
156214,412751
420523,952139
93454,602161
869192,779155
623597,473158
836763,415765
897824,763895
787511,781853
253783,370059
3311,950732
489209,916206
941317,339260
500153,595205
132289,835383
824329,354280
755596,960789
195072,368279
531441,792678
713183,223799
120750,364486
324465,858618
77834,837802
848875,86890
256154,805229
982933,82807
377115,669681
128930,530928
431324,994080
146192,483315
135736,235797
301970,41617
913014,592052
650490,100359
909931,21731
709598,852279
42342,618922
382050,404923
365943,96266
628703,599306
642735,206571
12634,917553
325357,393257
115515,712428
849628,227001
463976,571575
341258,763708
925525,979301
86540,698574
701628,263415
843490,893456
809220,555060
669151,852982
703606,535307
401421,160169
105395,80591
706253,30972
244398,659421
390715,191087
643733,354836
90863,887815
182034,263093
998984,567057
81044,8580
806618,668957
656836,289107
987428,288379
369987,935389
532680,19259
30427,287016
896942,999815
613580,118693
585085,33233
50924,639391
905277,525766
952620,676652
239870,676143
815922,579873
311657,483443
630455,494284
46536,435123
765118,524888
168140,977214
447855,310845
551702,788489
260483,950893
766217,139122
386357,404376
191231,695284
371774,260726
815977,813360
373557,599997
51824,193275
859414,158496
905205,526362
701640,575838
680261,493577
978905,988737
544859,321208
266445,909280
108224,403333
301810,26179
796271,851371
884373,606180
744748,456665
494534,550913
899505,841025
55730,926058
394305,205570
515573,829458
71376,898805
557450,588876
725085,652146
947013,624185
327324,863878
211450,879695
606575,365145
691809,486916
340070,993322
751371,433081
221796,411789
426991,132464
112071,894615
188071,234674
715219,323856
242989,143550
502411,745215
261757,57433
697522,843953
789873,258819
438643,308590
25053,664308
164778,589119
272937,657874
778128,345700
995795,49127
889066,217085
371750,875032
852265,949006
217015,587169
400799,441510
794287,610207
844429,965572
527634,337585
353707,332866

--- ITERACIÓN 3 (192 puntos) ---
X,Y
164468,514177
73313,697137
530793,316524
504453,382883
796861,991817
911774,936789
194472,271206
948517,819989
383093,917849
393619,254822
802875,589697
846207,693099
185888,75020
377265,382902
907219,311819
581602,978661
481791,969474
570756,339793
489200,305182
440034,153336
342359,53301
464795,377388
203107,183186
102289,242990
744168,314163
472373,142325
605157,560220
931158,634047
867954,256995
427488,267463
203396,478460
970473,845192
59264,357495
733860,772619
372643,512540
400229,902042
939658,961915
461752,932146
124982,294294
422811,432435
648421,847467
659021,745189
373435,44611
562742,705915
620791,598256
40327,110257
177147,148636
854698,56292
87172,468706
852367,362694
379424,663507
81100,62331
255164,601643
746030,952188
551399,432310
939096,374615
716993,624964
363500,91530
517967,466569
773968,595030
178230,253929
33156,820235
609077,987584
778919,195248
613819,230750
557998,626629
184535,32787
502666,549171
825229,661267
205240,25936
809801,851775
772764,254130
578909,381295
466614,392423
753298,635999
182354,269842
702165,76070
400078,178689
977907,185728
951637,591871
944002,944222
239920,682835
246537,330721
747539,37930
570560,193274
818729,170580
958397,374858
329288,708909
849618,898234
874163,313114
59585,328227
293068,486578
945516,630350
471251,309591
711502,677489
310319,827836
934331,848109
297454,443641
142874,840619
567092,547308
96451,741868
388607,489348
2152,525038
811659,241010
595373,548438
217455,952392
999133,63089
157166,465210
788466,344678
769759,293163
158936,320262
26725,1196
209900,751304
929598,289325
733469,882515
170244,705794
598722,351809
550662,781464
354653,601918
916654,669171
365536,497056
873176,829561
86019,953768
251780,2695
99866,675282
107631,775067
52407,726375
929256,205345
66700,438660
269704,44887
53814,843512
783622,947273
906343,843486
381540,806989
684885,496163
667545,699409
628036,897829
174035,644823
963821,369836
74645,40587
837852,8967
273924,113088
842025,508959
505033,374183
766650,231477
427286,498031
184464,827126
62240,681448
184321,834292
814240,30684
639161,358355
250697,847674
300487,379914
9524,931507
252173,796923
316869,401006
702216,691318
201709,520145
568064,648905
558719,364846
796113,686663
730500,345583
233050,769188
707340,402648
113141,501570
129770,288189
233039,756842
111572,428408
435050,683492
905282,229867
898108,316578
835026,644192
324579,388077
91298,951744
287864,584049
725918,414713
534660,312915
412321,926138
852192,769507
968103,288294
240509,212002
137304,747243
28380,678890
406816,898777
717380,831005
199499,283381
217440,200831
271212,685099
94986,800323
404684,229410
202219,591547
236255,547676

--- ITERACIÓN 4 (192 puntos) ---
X,Y
326287,255403
368959,764597
891134,743039
572983,139535
132343,13480
222832,866856
751958,357200
952410,113964
753569,707066
512002,639311
642898,563751
263143,762431
45603,3366
142137,127585
152464,144991
577892,783578
555553,473936
212274,276044
857685,657064
260460,312724
8564,870057
69408,970697
519797,823300
155562,965032
221093,375263
575680,130901
332095,454503
292062,689948
285418,481934
282525,283575
493078,984225
58659,288276
291829,122244
827895,326590
809080,446915
736082,517599
968548,846338
323138,114267
436118,469533
417378,733054
276357,900062
884994,629615
239811,688604
832684,436126
582719,884526
104039,377605
575517,584797
145698,429450
240126,100122
390277,414402
649996,495280
274914,520956
945653,801019
906999,37576
79292,762088
159899,9557
542274,871773
502548,692838
845521,608103
514404,549206
436724,697951
265924,954652
372682,928878
871860,574848
250930,455824
38910,643153
172728,132157
940916,685305
485177,375460
862192,248921
40413,106895
39554,980102
345698,344442
798418,368731
118863,895448
117942,316237
676711,288360
137100,359090
668659,327972
328938,66675
457502,49153
419602,389059
389439,306444
181946,274773
143729,800199
92895,861512
125645,642474
901263,421142
765234,415669
49493,171332
786048,28854
483165,901717
381020,429614
949352,653776
554505,724640
664715,276166
456452,856267
968569,57129
929835,232047
957366,840078
843124,781692
176433,628933
95988,745256
336768,713663
280701,109959
467512,272675
308250,98428
910948,708168
799897,13855
525380,845724
54954,583725
446829,621752
471329,848608
649771,655342
505047,305939
787113,641495
26369,798266
621702,543139
229369,148655
994495,631892
447016,44746
333210,231564
410296,242874
489299,335948
613584,346293
307640,406757
650629,283966
147838,371529
18033,20346
306078,493762
506177,861997
920263,641057
842956,377665
357592,504504
105783,149408
11690,769711
941187,77928
993795,536002
380182,232647
371915,824550
549518,999317
983672,191718
453335,622694
797721,320121
461501,220867
455493,653574
322246,906490
382325,492318
262789,920217
67279,554808
450994,138359
738853,414201
126186,225768
458036,566125
854316,384183
289731,421565
408909,792909
192274,870734
150209,834858
708650,463651
435559,147833
673942,264011
531891,859260
150812,764003
807833,994764
412481,904474
181829,803486
292787,70477
376478,486971
978958,875287
867216,610336
987279,455660
551278,673699
328882,610441
652475,619755
764863,583780
310458,895698
764547,763555
974820,760679
52683,144910
181272,880585
687982,504771
266823,399412
975678,307427
385654,63400
679242,932494
269708,393845
395427,87881
882153,63240
922202,146320
718971,752861
111862,87620

--- ITERACIÓN 5 (192 puntos) ---
X,Y
196187,553181
344666,517493
766714,574080
426826,68777
153964,762524
430713,537390
245885,93128
330126,579632
648489,208751
943346,827620
904755,974416
758687,199086
503964,91171
658853,458812
108806,903031
715657,103626
584525,43875
377955,988803
166369,370117
391202,495020
118082,234899
647672,241290
579146,129874
816849,43499
604386,594043
863402,278346
980979,12557
510012,123224
321288,593464
951730,318188
256478,458447
110893,454432
453460,18539
979077,799349
113149,193537
908850,852795
594591,492374
257914,641050
178556,788199
864848,899107
572145,458546
675982,109001
273772,114805
762042,243988
579136,394612
482679,253358
628096,384234
251909,132754
304144,970167
653740,805413
958333,675966
273405,696647
74244,911976
960312,71254
329773,835380
445603,95625
692244,189168
904865,63745
900637,319210
1401,813995
21884,412942
882678,18314
635613,710717
639687,598490
258229,593134
456315,862547
597457,5799
427173,506336
222314,106848
642318,371198
360902,223743
314598,917112
406405,324424
923931,272634
19133,953366
593117,276122
211336,18533
640581,372933
32998,532098
708432,487773
356296,234629
860482,252714
209336,215737
481109,540872
354707,661562
408908,225399
829488,15789
245853,447984
707359,507345
79947,370886
721322,488713
310998,119636
451016,958986
408927,413404
996055,575786
91230,414052
24477,904368
755059,290305
290601,560368
218497,503673
501004,980639
178564,537519
7135,404369
319748,193131
31027,757809
591255,758708
682739,169136
902253,851959
932038,845569
673150,555241
185154,23235
48761,921254
520864,58758
931197,689734
469852,866487
576182,964646
389152,846088
124634,726071
536527,870594
244140,12213
29941,560297
212695,501045
605961,663264
664604,859950
135827,803853
296492,812841
775656,369341
828603,236877
812233,732988
957291,824525
204539,750921
156837,361370
433412,503329
744153,286370
630278,622130
940772,549611
29757,880313
162732,861297
211841,472690
725268,11393
311824,833129
536329,608805
694809,587993
752444,540528
700519,907256
408620,908858
208539,29354
467644,817836
308252,875588
174956,722811
93912,825375
176602,713416
447814,275305
886484,579078
23232,203006
105413,868446
663688,532710
685046,875796
590771,715304
473360,286451
598508,229700
23857,607475
905877,382538
36673,971985
735035,17637
712340,409680
275573,13081
580328,634394
760615,784871
617677,242765
83751,828529
716315,448024
253255,882223
381620,491912
92297,126227
80616,729795
877642,11051
385302,895500
678321,557156
362412,824036
201860,618671
938894,188622
946160,949790
423236,951699
276491,618725
808344,499312
761179,841873
378896,698263
361911,145328
409648,963270
39089,296087
880624,939182

